449368
218948
877897
807277
442507
526954
906252
881964
202887
187418
53839
76234
497783
186218
197666
622470
396345
2825
604454
26276
647428
177742
323604
814247
38175
826307
387423
423653
747244
528177
925366
398414
558595
411297
365677
133692
19109
248685
730100
651686
197767
631446
788201
336032
258820
869735
409505
366718
263515
164580
748068
389279
676797
27591
525119
997168
410423
101239
385644
434121
336640
14673
161375
485390
387390
441829
64730
256648
65965
505345
816788
685904
203192
860617
601300
725561
491171
328889
712040
195906
678566
845130
672481
136653
739012
818948
834317
995304
858586
581071
172329
765211
624742
134571
278629
615689
924623
465040
260247
938075
967250
189468
501952
583276
821471
823930
351848
408642
37019
169438
39835
727346
231937
354232
18631
494543
430251
341508
589436
752968
53061
579393
758713
621567
182062
727566
473955
267544
874769
808659
581548
117652
259231
103710
445281
397444
531400
419977
309026
274557
616112
153501
128048
393017
996322
800037
769961
238253
367541
434130
494343
100951
624897
874587
932169
918664
967946
538534
481142
35091
436426
200787
758350
324956
146764
136562
382524
704164
848644
909514
43401
524261
665809
269714
386188
895273
356029
286785
251162
116689
719831
874358
369883
404167
388236
852003
768345
630261
100216
680996
237148
707906
630769
285284
984944
589635
351505
210474
574076
730796
914747
642815
891923
879272
61918
23040
965701
176938
210574
735481
130371
100746
985862
222048
862521
639924
515913
19185
363910
397851
14522
120012
13096
936128
255212
55192
520306
910836
315794
365446
13771
509089
256161
718796
903318
228712
390218
320762
293607
64770
715100
401228
138865
575247
927198
77619
732537
163325
503752
260136
9803
776224
237625
236836
151710
631834
774504
152505
766938
374311
927078
988423
26502
165288
574502
545091
974434
382913
119550
248962
502070
292765
35427
170620
909449
321999
957194
719230
338556
626021
442130
101451
805297
2392
718276
374259
984617
307293
11649
813917
629198
193921
727910
188792
806009
487723
515899
866719
32024
30220
886148
65149
363564
505620
476808
5775
961881
465164
200475
917460
61266
499968
649431
610093
305824
869907
569399
850994
226532
565292
244726
446240
899120
288864
894977
692945
885627
469220
456505
649037
738005
114833
939816
170191
921553
291135
647664
964675
503052
32912
693855
164397
133329
148916
997856
224723
954606
950571
555404
586493
535233
448744
591972
867292
188931
143644
631372
656806
62249
200284
612307
582377
576539
869786
240517
757185
595373
576921
699209
279064
716677
532404
926334
141418
382196
156018
152956
548334
11704
441228
431484
737081
565539
956864
229211
558989
790242
504239
858035
161910
560104
714160
727149
596485
413626
272809
77694
159833
753904
442254
552805
282451
712397
748811
529670
881373
663590
17659
274469
621120
406185
898413
664400
746695
767492
368663
419871
32277
684350
610403
606877
145679
395015
236728
465216
519906
408931
144298
300178
59619
921475
269840
98232
746843
189987
605347
922248
952895
357323
741213
247509
936399
383127
404943
732878
265397
106535
565485
451198
245232
701540
820977
370099
325211
807768
276686
371305
49690
783125
449210
301766
293810
121346
893278
600949
842395
585858
761417
216823
986848
241686
498509
682524
241738
578883
436753
353274
670004
916430
3855
272790
798463
204509
438644
764786
156901
885971
39366
910645
359968
501761
664478
137781
357653
649862
121619
597231
183380
263462
426366
62000
324713
300625
781656
263056
938333
221001
239509
439218
645450
856738
859291
715789
376913
249945
308633
749785
930035
811993
845363
295146
663748
809995
28521
284956
231641
166553
216188
424885
387276
646218
105818
227977
65032
613455
803294
301473
966421
476692
613388
114222
219884
444699
616642
636487
352687
544311
9643
678325
514824
6850
556600
28819
915907
454749
471382
351136
455832
848355
23592
364898
453181
353318
124439
694063
222540
860357
163018
351786
974954
575345
80843
768754
590679
64666
643204
992336
848868
119837
215388
611983
397056
413086
849846
432088
535013
424591
999829
535601
123298
260767
689439
311677
525967
517826
252400
7610
981115
64921
775079
388180
382169
865197
799284
626677
677162
945430
670562
689728
211461
161152
883201
382998
129181
165681
691126
964656
977278
179910
735297
103466
398801
991543
480468
974248
13053
471585
481534
74778
540634
365253
909132
630349
398783
646622
972319
264811
189609
60131
509257
454900
222482
163733
523591
917036
237938
323612
978836
752977
331624
773821
370442
113371
976296
930937
683541
349830
247864
976199
133709
222606
280273
616269
993420
338247
778138
435293
436222
561331
812019
810387
131464
801871
689048
546827
457338
323519
886762
626123
297645
44771
600680
17844
936647
696788
448852
874849
715911
14125
605307
505836
57476
97199
922034
503889
832641
934264
84143
368325
794229
270142
995562
974023
827985
571546
682490
12115
989115
446444
75360
262087
989895
73051
215826
959056
38056
838414
322024
351630
961808
787134
54098
211563
89194
778308
202752
209603
398156
943154
616437
265696
7150
167331
865754
350864
908330
884384
855905
100949
443411
270250
947422
593596
501824
131131
888371
71202
242199
179716
536209
574952
48374
609824
364588
185408
288167
392325
149945
679640
498051
268226
854877
206342
764833
289912
963324
862649
161466
724611
405903
46665
258746
661650
606418
611066
773296
474376
735218
383683
100062
111174
326749
318488
402785
947753
633762
922313
772823
189442
518880
258025
367485
918579
409792
342212
160261
58401
221633
60977
697331
614626
36600
260150
426428
417097
76568
708790
183230
465422
167268
907362
296534
318887
78125
758626
415892
343043
714065
529961
34166
250230
959816
724940
459764
935186
6739
210722
748757
629356
763897
429326
305784
619029
679544
679896
496180
700358
970887
149011
243932
988636
233217
217510
460305
247548
482846
141949
343334
673801
467509
245730
242546
551205
979964
805899
80781
872909
977680
125695
647421
245412
38895
430650
363174
18201
614268
645811
89738
874473
169163
468730
439250
589072
71770
979518
793387
343589
960108
549831
741700
650761
118326
14580
560379
877639
408669
616962
920718
10256
223006
619508
580335
2883
236621
889597
695871
784501
318635
770607
143661
87860
114578
46581
978148
577437
737585
805154
221263
263991
338804
82892
509101
182987
324424
582965
784325
142458
957684
520452
622604
330751
329072
605372
773253
188799
694085
808723
501667
93415
828365
102751
306857
739814
205332
66341
320273
45461
218743
319679
170408
188575
629020
919601
245347
358411
232252
984696
833265
91960
247674
30570
930312
740903
319861
185537
580011
112493
354437
173059
72569
983438
323866
373252
726471
784763
877128
617083
213086
917003
889854
116337
281368
276713
865643
757482
652610
604925
313062
191075
903459
4918
649969
364540
308826
259461
872450
126561
20090
328318
188412
32316
311758
636587
243186
315017
644900
147924
14599
508633
909457
82154
474763
319249
474284
603016
458828
726791
964311
664212
364041
149975
618467
200533
213979
974230
751468
479821
387649
527826
669660
233066
243246
713775
640078
698195
664496
493013
746894
676247
474456
444608
367183
647852
285475
374469
988311
261965
732860
836143
138812
561469
507658
334477
599122
697510
987313
782482
198423
232850
407990
170115
451014
619812
953683
288545
710377
295460
562321
161374
297256
999411
40975
501918
88579
245473
730996
625684
312065
625995
842993
311150
431993
682227
158667
379657
352554
355574
535398
340893
847308
183626
59426
783498
267707
855063
895098
423657
310778
192471
265566
988610
158764
760898
317758
633871
684802
770434
174202
553240
570631
213378
576936
825544
459259
54960
503078
947132
42137
832822
901518
299386
229939
132362
104475
209141
452784
939924
21322
222426
970962
988315
486905
307362
348206
928644
943573
446371
730373
526739
610368
65948
853134
767493
441132
515296
480906
877435
674289
198105
437982
327839
347807
94697
996407
289354
310921
666589
489662
120939
825677
62670
754556
421115
599940
350142
627897
255938
94976
67054
756260
533240
154740
616644
547348
55931
795251
239974
109656
285189
114807
156350
915445
740095
56057
613447
827491
923290
563217
140946
651134
593006
541068
105296
702789
322424
760543
372739
134933
732674
527626
157602
438816
828591
747859
120027
263387
677716
713722
225915
322383
120696
825698
717970
655291
152426
347475
689386
826148
988257
681841
956359
824940
242624
284644
943377
941774
131907
752624
219108
513562
117752
828149
347374
63583
202167
250937
577712
523357
791227
666475
992323
883089
391739
714560
576529
18564
388236
360678
61735
11061
706974
227042
615707
68566
257756
635107
460682
464563
516774
419002
493186
608509
15887
962402
903222
859777
793497
302368
911748
906795
847108
410839
302570
390949
119530
115080
976433
142184
905943
269474
72840
919899
693997
985921
520151
88792
284043
33392
490870
533178
753979
270628
276438
373144
476251
281810
950666
79843
177842
608002
988565
189512
154795
489360
939695
870039
152573
297861
654287
351261
541191
609521
617804
952280
183955
865393
653061
387368
675545
954364
91519
977935
502591
580270
580243
74383
236756
94031
717396
390588
387774
707758
544280
444125
411393
399387
349933
202321
291777
566663
449424
406304
85413
1358
733330
358485
948221
7402
197052
592808
175244
31690
843741
679493
465824
769161
520644
120912
274460
631539
849018
557293
497218
721644
912303
477377
848657
890281
837761
870997
947291
848782
534302
368209
73012
821948
802573
163578
36479
633196
121347
549566
583527
553703
478500
635776
304611
72875
459723
12642
136443
50882
913671
464076
453063
303484
138971
808027
651825
828486
273868
123494
779830
390608
553601
799006
266650
179076
339060
419321
290972
474558
212498
329456
54738
936837
555706
979552
695881
470040
599279
541757
584227
554508
282511
999845
802041
434574
340628
361553
979872
254981
410895
565278
252201
751687
740888
639795
985564
282023
108841
918358
997237
394974
394190
916746
688819
56962
199798
195609
563744
846233
732491
187441
302048
860302
870749
976580
184068
387443
93488
60618
144428
362468
756335
28232
741274
790310
718046
329442
850547
471487
435427
711940
597973
955193
840567
255666
536450
240082
498409
186101
786276
517005
272282
498366
326704
647561
39561
98584
860728
344925
388111
599591
685284
157945
339073
386484
967017
71156
595249
863488
172912
358841
819848
207501
198719
338386
170777
10311
946645
630186
595552
210116
911326
323144
713141
623945
438207
229486
646691
557025
654823
786111
754751
240749
376026
497345
12648
329580
106576
536239
986280
216364
788543
170095
633821
113434
501293
718425
252982
281209
231503
163180
275992
993560
613869
646843
698941
283357
802916
718347
644666
15722
235015
25483
570308
633444
271187
655971
608915
769928
200275
442651
331034
136913
664492
753503
1979
119164
342882
189436
739282
856385
648910
993545
92512
541353
657834
438628
531381
528931
287041
831262
411127
987375
832079
817339
434280
430783
306469
178174
268527
794350
147903
648634
881027
356824
716358
252901
350569
461231
22724
634446
328286
383417
553030
268243
875543
538075
133463
620317
567402
947312
653554
185586
523664
866041
79083
610441
864253
119416
313873
799476
6839
841523
817407
977948
105139
182604
989735
948580
932651
761400
39609
788694
385746
181370
341039
716097
981284
822553
842772
548164
116415
691932
383915
518207
289916
180392
220322
933810
775198
216020
487031
891688
866508
1126
555183
678876
769266
216548
436575
198451
54613
687542
282852
414142
446480
960139
848707
101061
501691
799182
468276
896560
814718
425987
996783
592839
904871
231981
672754
611625
624055
531013
238403
103886
962457
810292
507467
788091
533259
801358
948082
34998
562626
235832
898825
936635
364666
123880
431624
969668
853699
558610
915808
985782
572724
437001
573000
24257
372790
772183
520005
671613
371501
531093
92922
754343
281689
29837
47840
862482
156140
353479
645209
742899
16614
506125
177068
233048
856761
252221
664526
710340
848643
164621
503059
470901
82848
222843
186721
490255
47016
152631
159313
696835
191479
361881
580410
744765
830100
702004
981370
467400
508921
337466
782827
497373
657291
809052
393813
842300
403090
974841
821523
613837
403792
201602
318896
847823
366025
716424
371011
79753
594549
792505
920739
507912
672048
160842
329538
943708
805616
197490
14719
872366
920426
675690
911894
654665
158109
966825
815590
518867
8345
172135
160935
321580
194444
555157
514878
907647
463015
936061
766846
689332
159424
128747
167876
532368
493894
107907
592103
307838
912586
26018
528425
215800
917723
82397
499060
111276
219819
473635
887626
313825
716419
578348
879649
888659
455024
74597
150788
392597
305038
338343
251972
651012
255392
210276
315687
263728
547505
479130
120881
288575
197591
502077
851121
489600
813292
61027
326775
288776
90819
508329
800276
587223
286077
737465
865866
25731
735991
207681
23995
440018
478924
60780
175509
306141
282797
602529
812242
115784
983367
125475
159108
656564
126185
930298
943688
133487
200657
923836
552950
597004
949339
24283
959852
464983
67236
662527
537752
963616
105856
218989
978585
335571
461893
130542
823012
491864
295706
194195
265140
431780
213315
377974
559508
313283
713401
309974
319895
510441
320580
27802
301199
953647
81414
85664
286183
68942
169350
88782
435837
127356
29509
272914
375293
335026
543283
530685
993403
748060
932608
844581
664371
308179
148154
667699
908138
925899
51806
719985
45507
382406
90407
431590
774864
960832
367987
245747
381861
454124
760882
14532
248723
967454
762446
372068
463352
138784
806796
147007
434327
41724
694710
689450
822440
313716
716706
716556
758596
703750
788258
983729
653660
198988
187680
950189
515925
502105
965914
632157
571240
908446
973276
707267
843525
990118
485855
112073
384728
998879
220324
347049
515118
291674
110252
658579
402123
608351
555798
908541
239887
273730
365288
879769
751873
628591
465399
703866
399062
561402
889023
469928
827689
405698
364060
230199
228238
385638
773158
393591
346272
215534
318771
503069
995545
667571
500482
254566
737951
540384
623809
494711
835361
103137
148213
148176
295417
218578
894749
839640
905441
371212
799593
921736
47799
308903
2776
833178
6539
833861
850713
408144
639826
462860
305982
451168
255259
617974
69151
764117
488345
334249
56857
156886
358618
231319
222914
711789
767637
947483
639951
752527
892571
769605
478359
605994
828760
466749
535718
875297
801453
224687
569877
474146
467370
958443
491984
444118
517215
343524
85256
852778
235840
913965
367505
616633
244122
188525
342331
983556
608385
610852
688984
714792
318036
239844
686816
363008
333034
965862
844062
337921
420918
337998
989850
688342
132657
767713
598651
543104
45285
827368
366954
50625
788479
731719
759394
902371
510100
454238
957305
475254
95397
635364
419624
628468
938840
525564
725571
484471
493784
919324
679348
719332
73289
354439
958830
726508
62795
139354
697673
705422
104734
797696
918814
564908
321527
635528
600188
751580
602191
332717
990208
862239
677984
171366
311052
443075
240373
324332
723648
86335
647644
195542
629249
615469
315915
965603
477674
84481
648846
95434
977395
309172
79946
770612
607484
813577
323365
637906
974751
479631
167288
898307
162077
158205
132640
980802
790861
535247
529114
356733
242275
683551
937976
801450
272964
528357
568362
187278
566746
26036
640110
382065
528694
684223
557415
292094
339426
684199
733148
645496
404394
736012
418032
783844
836951
48115
267438
330838
571124
742839
414564
137178
48382
408391
143360
303807
667969
179820
887024
97227
20068
45401
502845
642235
458604
316980
129561
188512
20401
384721
393000
412503
208897
822174
336930
489729
649522
296708
548334
4706
929099
974276
463737
139104
57615
522516
79566
223556
827949
837963
781894
619782
427995
217870
855083
419600
629177
980804
172185
921079
976736
238031
827751
8571
136761
697935
343126
973508
481146
135790
599941
16283
966277
556506
189491
58730
644813
11644
525014
131478
858660
516748
707167
445207
987758
733352
890025
482562
246425
847169
170322
700516
600822
303457
798762
352390
242039
982255
268179
828533
293020
877191
997911
141353
962068
623449
455000
2539
423867
612974
386785
66153
815935
969886
684557
824420
623367
951519
308681
100279
475828
308754
399757
531548
909445
405296
518322
751733
289949
866504
9840
660371
258826
129696
667284
316019
177497
924240
331949
856958
339164
701412
854236
878170
158494
981872
8711
653615
689182
99038
858141
202618
572718
800991
939418
655348
368231
342080
93209
828813
328573
931154
939451
79701
895969
147344
7452
897681
420246
111671
506338
812573
402892
527951
390207
943827
842797
924924
966154
108990
803261
669446
799377
475621
797601
857724
439715
39913
479632
952482
15209
447771
119244
942886
637641
838751
547161
535002
352066
493546
274845
250094
505565
409692
933273
543726
827390
542077
162370
964354
915294
771506
318183
647088
562254
344224
207902
4183
532376
430543
324689
355263
985624
707350
748538
522669
902271
262333
160730
726790
455601
132418
881421
147938
916966
72541
140780
570730
647728
64241
484219
78322
500181
420586
474807
302230
931415
101429
885340
977048
930123
879486
627475
344435
995127
216988
699746
19842
614440
237876
950824
241059
16510
658688
49637
753702
332386
193067
423226
202725
232847
424831
774101
884036
149387
105009
324112
596651
67267
773996
505810
82240
347754
761955
406626
605833
347475
912079
332655
930879
368129
946430
381313
888754
171365
294546
121711
55703
570719
691301
898760
231751
244572
69825
265412
364634
15913
80205
804593
364635
499423
142628
2165
778335
846163
638336
181083
214123
23525
744529
751011
123329
384067
234224
693438
485339
471884
519332
261437
707843
372727
139776
363012
178714
187396
952834
267540
288448
885516
794407
272104
803697
124567
57137
579796
19355
662060
184667
316266
476202
504404
445483
474320
7320
348784
19827
295848
344893
33665
72796
957814
677181
741359
289136
829251
619503
21673
598702
699443
954383
286075
336987
731062
821392
842506
430346
126028
201349
444117
260911
525326
851726
834066
882173
582457
46491
72659
947320
56928
906555
109831
656182
803609
513562
439378
776441
498448
929394
160159
111310
592096
851459
630757
150269
278850
830993
962136
130074
368939
307754
951224
842359
251316
664882
221991
271663
962565
491317
599843
445127
211766
747058
27640
290557
956601
204122
467011
410511
798375
912036
550264
757073
559260
329818
790383
826290
477085
235218
658472
367824
180513
814557
413256
706672
759368
973508
449045
311851
849578
63062
740257
87932
693385
557285
49374
559112
947076
236127
616404
874820
739485
430655
942296
577280
519161
275050
965831
987223
838111
46029
197237
759638
946873
115334
965664
361008
298777
938987
296856
737307
94687
927883
605542
739980
348662
537577
714995
414435
930874
58097
924474
202228
596242
984090
140716
909266
343125
889282
233589
936631
245462
678810
822305
503842
491542
403233
325278
359598
11750
383671
736654
493946
834575
593420
456613
148484
57876
719912
525858
700014
71270
957861
274950
326503
238300
630866
337916
758122
626175
65495
999714
55270
876291
248146
932838
833404
259369
317853
705326
488364
431185
675743
371003
998454
682964
764233
82422
35031
426836
860612
198792
989461
909992
886521
341216
663286
56756
345699
136444
420323
91805
631901
617393
52876
282981
601449
746159
241537
939079
925901
695881
149399
216580
253936
793568
992514
298422
6989
958336
428450
223820
385964
580621
957001
210827
744188
76664
452825
63400
542182
10198
803429
259300
787065
121030
42398
837274
197751
195528
610140
773556
529178
172457
762110
624811
253500
505387
956090
866360
727281
945656
538399
26382
42820
943879
337602
12546
989828
483738
685921
140697
64375
704222
681039
313372
844934
153497
737295
353472
738080
443866
110479
490422
394258
315882
637076
466799
662200
884206
685840
128224
887829
386818
565256
114215
655781
638652
336936
389885
669364
804910
222279
37255
83063
89849
88111
838265
137410
750558
282495
190467
105224
373558
737945
806937
527413
796905
410660
360965
493964
603124
771719
607101
855090
614435
936544
243481
606736
442688
913588
403782
68663
223027
563072
614271
599090
784275
481187
16180
17352
879590
44204
650965
206311
898946
597210
952779
861894
538071
389571
690695
908105
826595
850167
417894
303643
168158
494950
354899
319831
190714
204584
76419
80183
745555
250355
686586
476045
736765
989429
426166
879537
437215
744233
736226
519834
522133
363184
624529
189396
507737
193770
332873
897415
596341
256089
964883
885533
498390
460341
650502
85130
294510
821032
55725
104014
919520
715650
462000
127457
399181
40500
171871
523400
966370
90304
46461
836934
744248
34228
378114
143146
82487
947246
992311
126681
486617
827280
648322
448861
678589
199409
630037
187823
602256
256065
404859
723529
441109
766926
634498
985839
617206
519883
139243
817005
230540
104641
791733
62310
792411
970478
905964
57771
251229
271659
876760
653150
31231
833306
826046
570029
594544
884082
613927
364692
448546
960966
344775
343684
422622
866153
828790
933189
798157
345331
935084
368362
491095
759911
469266
951897
726046
554141
841974
50720
79871
929355
915788
554035
573092
962231
68349
966454
749572
307259
234766
593801
911491
745950
598107
189934
511209
802237
974167
298727
183058
361959
602125
561818
623067
99224
103854
60931
891642
224746
151931
857724
343941
822295
884520
896626
503039
35458
575765
357181
691449
837199
576669
241906
830149
176279
917984
995687
523267
743487
979663
11783
644504
233266
27782
612244
91570
496139
831153
613934
56859
920331
118441
766615
956858
671023
673288
159571
312574
679843
886512
811283
405413
327553
583120
228291
925810
288418
193206
596844
860429
358246
941634
285623
102269
508471
264701
893757
314943
572215
306141
196937
434788
191744
550912
232664
784046
471165
346496
603387
584240
321722
816620
237880
741976
951336
377498
882765
316257
397137
839816
14598
648139
170833
926212
214672
235707
454670
513390
296471
619133
123435
328440
363875
435517
215300
811414
101293
475848
974524
688931
740531
782718
651161
295091
145581
716732
115954
724582
884739
481961
349350
215056
70024
530063
330459
105505
379283
384402
161334
711132
278768
216484
103101
207998
570149
578650
926102
22827
485582
395294
320550
894169
158576
557073
387010
425314
640406
639733
281654
13810
213668
317621
734232
172557
477199
874224
130024
476748
221133
441221
254193
560571
628105
774934
568168
857902
892335
449266
423937
582356
549978
375259
412095
394256
925517
153614
785470
490589
153771
779890
878977
938796
890610
332887
785700
854540
629764
123094
421100
433036
432829
199846
793554
875424
477985
934184
826129
840570
199883
765328
532479
133060
287596
167744
643214
761139
964649
485728
218269
144099
400990
851603
351230
845745
81951
935502
262999
917272
515454
619596
61516
602753
309482
849737
516218
269200
594451
15000
302508
764728
519508
583658
999839
490412
409708
382018
815399
250268
500661
428139
979732
6849
192484
338132
734189
759616
141186
244958
187068
711021
767846
59938
2312
672304
757615
123555
225067
220887
566994
826190
73609
29430
539467
553341
116755
920239
700094
925155
537710
940402
161434
728700
415645
712247
406215
791907
665297
375369
133132
467170
126790
944683
992648
861087
535238
780144
180694
477648
679015
598045
352715
186002
120436
503177
742597
985438
806377
302996
926876
138858
636487
821206
7493
694164
946461
202999
583957
365531
133567
396497
327974
754995
566563
615921
144925
425515
685391
147449
436965
589644
520477
752923
466263
130929
127272
669970
178392
131676
152488
549665
917713
800899
451529
905822
178312
466500
93194
51489
926881
435551
312491
600606
334918
745635
745467
9634
784181
579061
998622
219787
886344
440330
796842
462081
907356
734531
631077
15905
760779
435237
107145
215601
76992
562354
220080
214077
752944
949023
326946
193821
943636
971101
66575
968943
52240
65781
221433
704145
522538
564039
777785
227632
441664
663081
387322
881348
822828
939854
187741
190599
646497
573189
746083
6128
656499
666730
618042
512824
583766
893335
568002
711493
330632
956196
846017
191049
814787
997080
802075
439788
368707
751350
827229
521070
830393
882600
908936
782644
445882
284853
611271
255203
394963
326262
666274
923518
876785
506847
5042
307743
925130
896735
594579
236888
581600
832608
104372
631273
139519
827599
190184
40746
877631
778933
898263
131540
905429
52355
44265
567368
264785
55356
932188
406372
328719
812270
808909
335060
656714
734303
697379
708239
337755
581550
611409
353519
782467
443653
813112
783469
916551
310830
310774
224031
785007
187001
535911
541241
736488
813997
386303
199253
436377
236358
95779
532413
124362
735612
251415
20934
767781
753203
430288
233002
25171
999891
887361
312594
601065
971632
458533
263760
112280
254063
704380
174123
357885
356813
874487
534718
199981
336258
234376
456826
299562
953348
875594
417665
964878
905376
290140
614518
876806
571789
353261
119563
202050
66110
545649
205332
691149
322940
617518
111021
385566
400721
471793
284490
907195
704260
13144
284347
775250
856272
44286
427185
352562
348952
358724
352039
501421
76330
335379
564716
971505
680353
96602
297440
3842
762673
90009
126603
917642
866791
662301
69980
719643
772583
872174
484411
755491
986819
984726
147384
616760
817257
479685
895252
400957
954276
501001
592689
244845
350624
631699
763111
878353
837139
585299
59486
410603
262057
904847
790874
621058
649135
332224
419204
424555
509211
308410
50040
562761
576601
102845
966832
198712
655537
77893
178721
69933
32373
314954
448186
251196
808747
77194
753214
819772
869468
516579
89337
239621
203275
405694
375180
502441
933500
667826
858336
903359
746871
801914
634395
518578
217701
985093
785611
444085
883793
23271
230393
878694
538751
879412
244935
219494
389071
68943
437034
853523
27201
188475
972287
832305
882633
737907
982693
525748
565066
956537
365437
328479
25987
586637
418064
647101
870504
448276
277849
614035
778403
219965
561994
740981
402621
516801
359977
976945
79203
851324
685902
922785
60227
181872
580933
689823
860014
766614
564687
270224
56010
457486
371665
539566
820613
880781
48905
971447
558349
874004
905599
420342
114652
80480
565596
430863
210962
74968
635912
471372
326339
475884
704272
405461
220734
117721
300916
520453
700337
827911
195136
887198
628728
431819
901445
663761
974872
817273
429494
912554
221293
476436
316490
593346
737129
444341
178353
202529
572653
559854
305508
128915
74373
598401
894321
738141
995746
205849
735024
971413
545589
889914
485174
30389
396217
44386
610309
870090
191512
362868
249970
890089
355684
820934
86495
445971
680823
77885
126698
60881
518480
192028
725495
269718
921224
848956
449723
741145
400828
612217
227797
950882
755774
580676
7451
410293
863754
870793
769511
9247
982759
625923
980685
471632
943148
79289
673884
827632
147398
174834
323906
984507
410305
563124
830868
731712
860784
658313
49082
340588
691561
851848
737923
245793
787049
54531
830174
92662
537195
710031
885521
186363
344334
301324
870336
75810
713044
71853
620647
619209
501966
350529
577294
719329
506146
802065
790560
799282
486634
872280
473640
314206
244632
127897
597448
818662
775119
249206
203475
827199
904643
293877
660614
673954
498718
119318
882407
521301
226439
42581
367354
679887
571793
272251
634951
344351
569022
217718
153858
847742
989976
160655
224507
125151
175198
439479
259337
188211
697731
322719
503063
430022
379963
158094
129053
269235
210128
941398
563359
452206
81019
99703
866106
185544
546224
950754
594974
888633
886940
575176
266199
106554
898196
623845
711240
15255
503771
923885
82038
873066
496254
583318
25508
515536
519239
676710
13055
952417
608202
284092
917201
172619
722743
786769
129237
114648
658975
587979
87554
477798
45458
403148
21900
712014
568165
919518
611102
663317
27153
929278
429796
113493
749156
367932
978837
980502
779908
999673
809941
264223
989700
970542
235837
447138
176072
621711
797769
667911
627239
362418
984949
537515
181156
188005
83874
955145
599979
672461
879489
789382
883650
414991
464129
245304
432039
100803
350146
530255
990485
275335
656949
511214
183423
894029
120381
641713
666802
311955
445686
108869
67661
352795
802296
569439
355050
47116
730822
810660
79923
598451
348747
822648
937735
40348
793200
730348
422560
9034
429069
135670
951553
655296
659655
701718
213469
946622
607927
717751
256075
614493
362274
383443
262549
931514
831632
874221
498787
596576
642717
543049
732411
704326
906917
11606
823251
268341
427104
659043
89511
140938
586532
495693
853096
317283
717307
879354
548162
526359
711280
728709
719801
372656
86085
357429
871535
261645
205624
805192
255274
106682
962530
798554
976763
584045
338259
85660
104646
566574
945826
93172
745005
314224
930307
983214
494044
61643
555792
964676
484340
60416
204647
23681
823015
643495
264259
734830
327481
613819
621444
877862
306708
610438
845201
159629
71242
144877
870147
826665
149020
856725
270554
69095
795762
251158
473275
747036
536068
658744
924341
640716
236068
383878
242012
155386
356589
126229
548825
513382
346622
524912
917452
418576
122464
727345
860926
874773
420848
30146
436968
986967
511765
863500
177015
890821
540086
478176
944356
308378
440679
955809
983042
783216
156136
288405
769736
398762
208411
989364
609063
702196
457345
800346
198314
652539
341884
703955
638450
754627
882427
775472
156591
867995
175356
801181
836455
662725
180832
715898
242294
978272
722637
393505
10645
289895
202726
730369
427571
379803
239881
840528
953597
493969
191792
713174
169762
397717
928437
279161
881424
188609
920789
968588
646460
864037
333962
270085
817092
85174
646423
904908
543726
873759
863875
660419
563722
774050
821424
482058
600445
240996
791084
807245
674845
741111
501540
232201
209946
555539
442469
855931
6228
320382
637551
494869
238117
478110
218223
610764
745960
95944
874103
661262
33271
393157
820212
855241
446221
195495
471786
612279
169750
451972
686833
235658
982802
967317
739538
936993
27405
5983
850245
594244
171917
655977
32456
861216
469092
867806
981003
562111
845522
138363
111342
90040
672716
275208
269636
973631
270473
259948
938614
680752
75720
407171
479608
255832
117789
770345
146105
455587
31275
963173
10192
118949
77449
26870
550593
70071
327767
705374
242512
671006
560664
598333
152018
541834
320060
615460
214572
733481
917302
755659
418344
832046
715158
520693
328411
603686
816210
603081
260894
680752
423870
237787
590500
251028
869340
537542
24260
57225
510977
162144
39408
334946
963870
574007
799439
302297
954593
645853
111958
690154
610458
523040
71998
374141
858494
959932
65595
664667
127636
634385
654507
543196
872907
663469
869877
586679
680518
784832
169403
98118
630302
809645
619898
3062
470301
75310
128479
751868
211532
387774
689318
373655
780964
261957
875785
525943
555534
948357
9813
635718
845518
439705
878135
874970
469080
537010
621662
697904
126624
81487
812827
412243
15705
897679
966246
771937
80154
434129
878344
414596
80861
585107
980462
632172
832571
737188
713579
839509
345405
277152
270380
732695
74533
191616
730540
193185
759113
710871
154700
613477
98677
534657
690715
462685
238079
819460
283504
605652
622734
924733
383134
881817
681379
638476
602840
616206
841936
742648
191940
668602
100733
326327
342781
549626
344808
768601
824486
800265
277108
487176
404742
138872
410444
502867
202550
294227
642456
607468
759494
73476
234683
677470
523928
819329
341681
760386
507542
778633
574142
384011
435793
584645
305650
4293
766829
881341
344072
435673
871552
922889
779807
604651
417376
930952
423743
795918
962180
645889
84724
619177
913045
213950
863737
785212
727890
706680
955311
56160
760844
813750
193680
896511
974343
851600
32598
128939
814200
353639
139533
689036
859426
413171
360305
49158
516371
4332
881793
299165
301311
527247
755466
433793
523094
880597
806843
707445
684050
710744
367199
903119
753826
229182
532713
965734
81349
309000
498059
104660
872797
243545
112404
960039
41380
368682
316810
803086
873815
41600
325850
151700
856739
351512
675896
93193
48597
356681
931524
984020
786837
670586
545154
84991
872805
409645
261847
335911
508714
988143
173655
453357
826675
99953
908207
327087
384651
122751
696252
170387
477125
673813
923398
360007
805186
662702
55711
690260
438918
426776
734879
138014
796378
418581
876020
299812
336225
828455
288324
247205
784455
714100
974383
715917
513684
443930
701887
63904
533693
818494
613470
815813
781571
937658
961332
248286
830962
296369
178133
784270
428652
456633
679883
893049
553132
899870
762555
833257
627116
565087
435811
150023
212467
253968
168928
897437
429988
593144
902656
111901
245049
303978
887533
171633
190433
344871
393958
632395
808664
433816
326421
339333
255919
379075
747027
76244
505476
141857
948350
120089
816190
748679
798356
801974
653485
448594
330141
390949
233330
162820
868824
291347
201913
816903
813475
518405
413989
471427
616362
108930
732895
25736
418423
229977
979181
681530
257771
343743
430690
531304
365673
692586
43403
398987
478270
10990
13706
138618
633208
125524
298451
566498
627615
359990
427615
137727
613733
631147
858997
893132
437843
586611
650813
166524
381351
564844
499554
901624
633902
157908
143497
11323
331442
919694
548292
599811
252995
851735
54813
993579
221801
452462
961977
1049
772151
188439
774153
10604
191856
526106
281050
675936
321747
664469
141023
708413
123814
242104
131252
273773
643207
809568
229391
458574
912734
275571
818172
435368
590512
888468
771503
849121
318550
217633
434565
117883
332221
776068
735932
568550
995963
224983
405623
912358
425186
920958
492254
917026
26771
737033
477864
190707
501385
191448
457902
996487
388847
900074
822939
219487
563532
214955
565791
555752
699814
944801
30811
471367
305542
228534
35093
343018
969836
879804
794943
9692
961707
828347
695662
593121
560788
813243
239007
198736
970064
444221
869715
308447
527693
661693
624869
861713
895091
413988
646091
744909
757838
519161
851192
309283
262653
692112
344841
742169
777354
563677
58634
46951
966280
862782
815830
301585
696290
586105
772436
25043
429582
935522
606177
662806
875947
944988
980518
345531
780959
546814
193059
414234
938171
693679
989924
396249
578097
299539
804204
962680
826464
728655
441515
38014
823156
826480
726630
717991
911014
263219
253125
92603
322715
250366
297106
547520
732409
597803
78125
664955
496913
454547
730536
259175
393755
990128
709527
63297
661627
213346
516071
511175
898499
473303
825014
903358
674906
56671
810940
988957
843966
438143
916894
184411
488295
185509
431312
831276
992514
340184
769136
628080
849418
841862
509056
395042
513824
55721
321288
309303
208763
519689
41372
733215
279052
36642
171965
109203
375772
559820
995740
789000
268652
277376
84898
739342
643710
449717
491346
413624
128687
658635
739356
51345
466083
423069
729640
738186
536520
183026
788427
732238
146818
356546
861566
912342
826651
795905
63433
952060
550731
823281
916568
197600
296543
719437
128466
323509
720009
851243
36017
77078
454743
28876
688016
708945
654574
211717
291151
977321
89063
440650
510242
687315
20051
817372
654208
138694
582111
234123
866326
550293
235006
888843
329430
817895
46990
483960
81814
741248
111115
601221
665776
988485
280793
89835
598001
392063
960703
639592
300374
564685
11571
647589
740162
119595
694897
708877
325411
814105
778715
15142
19238
900592
833121
999435
190014
481897
340596
609729
572803
403563
689134
498776
368335
668123
880936
92374
837619
222274
407389
975533
408228
249553
997785
536187
742246
500134
992677
846145
773818
182003
505305
92991
112217
217798
887306
593205
168415
665444
434291
183196
711139
852905
260604
315518
162980
21576
1717
513553
50349
427244
959637
583482
77034
190065
856496
292881
987362
280824
106491
511204
787058
213829
299806
695311
947661
824056
766276
59175
842630
285481
132376
983540
502496
102376
403893
151623
305060
505640
540146
345113
964274
63055
994666
287019
415331
766928
705984
912633
893051
838015
210905
778685
949212
203853
958176
412361
708004
757772
924078
258146
690200
600973
660749
874710
940629
352616
755087
806328
899797
718136
756871
78306
792194
245559
942972
715455
144447
590192
742483
390662
360350
120965
323407
701169
300725
268205
904792
787820
254925
353030
572633
583570
390190
974776
923460
631446
148014
97975
707321
574366
67966
952668
774684
482423
871969
894546
689739
216737
988481
19561
618163
317255
343601
829534
682061
976834
762853
839400
320904
816044
699572
429981
328123
141658
46947
960451
74975
702377
601808
259705
5716
931412
718946
983698
195048
696622
289969
954151
676797
326952
104283
294825
412473
326826
888246
399870
50347
744690
741304
261085
719269
55322
882276
192060
885669
358501
987419
360576
844465
719808
964052
605872
520617
438590
973582
712147
453892
269791
718141
906072
106291
766043
370820
788160
555046
15757
635640
182892
667325
758459
889593
842129
994304
113390
591615
389191
767148
826698
810713
247825
694854
844397
621354
434311
776996
456316
735862
464691
795631
304523
566868
377965
932810
785953
938519
674778
824191
557564
521909
768666
224478
745898
65966
191791
329378
628980
634517
602896
180304
538929
679687
153824
85347
830086
52939
297904
207791
510198
190578
637947
118454
9536
267669
424142
838418
631222
365167
939078
473159
743124
821195
266901
987641
210930
943846
225002
925053
799219
482665
733442
274484
771044
419971
564445
959903
496327
272405
155110
934759
28563
19558
111572
925496
295398
515773
500491
566882
61284
708582
966240
363227
584352
106764
458597
837856
182951
746753
560465
152317
843939
40596
979272
99254
973215
604870
275901
419422
214965
363363
381118
832116
846958
978839
684435
466942
775375
890004
535885
818512
70583
602717
435645
151646
600904
217353
91158
124060
960067
409791
58812
377698
663819
596522
374425
78839
305563
288070
874552
807919
149736
247662
734467
67942
216974
326722
241064
197628
822102
455302
184624
373481
744848
229178
291112
969530
326790
61683
923286
411022
695406
479605
195936
356341
55811
919376
715063
739592
932517
420120
606931
411748
299802
593094
440453
508313
808554
112173
636347
238443
685317
41773
838671
538260
696327
485166
688522
93059
200134
929281
179853
354746
134979
559137
892343
583640
970654
895959
133860
62659
396870
667408
332998
281275
550310
781311
250747
187561
422245
559446
39575
321042
335011
683648
778502
525406
520430
138939
100172
335958
571630
696881
11274
598439
222966
922648
111159
489360
520899
538672
570181
51418
771323
825422
774927
443674
89393
726175
344827
735906
597415
892023
220606
677466
810362
979144
767811
463271
626214
166760
198472
397294
827725
867096
151796
435869
465638
415709
990585
71246
556742
333499
19336
644071
715620
660944
44160
978425
354345
47998
706676
594859
616489
503685
924692
182578
31631
857864
638794
218143
557909
160991
597492
106084
67187
298010
790064
940106
804727
303341
149682
260179
545748
312095
281832
157208
645273
26345
815510
43957
274858
441198
86568
461938
702795
52271
395400
822161
605818
218834
561128
198858
550916
54426
210464
133597
371262
180086
403250
463244
756464
73541
38400
658883
198569
236597
223089
242372
639090
402530
945113
778445
672161
497739
760795
910209
804025
261410
394625
926588
939111
91915
468663
540038
948269
849280
131779
12298
388183
571012
149633
372174
156897
935130
439177
19793
549352
432790
79265
429607
640664
675462
752524
2589
861252
413645
747162
385559
716105
687385
491997
506119
750165
567143
117500
935011
262333
626592
514279
72
654460
808795
589225
132094
274402
329118
863892
639976
254784
875980
801828
417675
99431
799354
426056
430559
136204
971729
999850
887017
122381
593145
775008
721363
273411
239926
683142
664483
619537
449500
259066
710096
861609
876769
759006
224676
620917
257465
363819
435939
964165
585637
745938
241224
815506
898544
961854
770402
903608
457145
261833
969080
265240
660816
891789
860888
755501
518349
43595
367514
532030
663469
493677
666781
764085
630138
945540
407323
986852
421537
95632
266214
726982
926866
240548
500327
279756
488236
357879
216010
392089
547160
112584
280218
680
362441
356583
79262
50233
219920
888542
98140
88980
965082
211246
457879
238935
381243
928163
70685
562305
182888
688413
405821
225124
357499
390756
852535
658432
917261
827836
958158
904349
909622
61176
641386
496029
154116
186335
550651
660126
820273
692849
105564
339361
196781
775186
872187
686983
644088
759552
845787
297136
714844
823824
995371
675748
410679
71385
599061
484618
548568
348226
369271
285356
525193
450754
977820
46030
592110
353212
736156
575385
381910
579815
399699
63782
489929
662485
44458
360274
498705
664466
551522
955131
981706
531559
438071
963084
616002
282371
722930
886327
806131
870971
38357
918104
665330
166250
687396
56211
225409
384552
250786
608834
67762
580436
193352
517483
973308
994423
254156
327159
367643
80506
556829
275607
316298
983427
848432
651993
739189
699769
151621
283413
330232
458154
265020
53418
813248
875853
494323
54434
890471
171082
857200
352120
647647
567398
736429
918332
836142
622751
375514
232939
689395
89897
61877
192842
975077
968576
81638
895330
256139
195003
19720
401881
981295
666399
192147
199118
380482
473083
999520
578300
212224
684797
976880
199226
625982
169130
758082
721989
988979
572664
199492
383403
957765
334557
658544
146094
171500
265121
467885
298274
964173
677489
220533
419518
623548
910126
190612
397096
122180
845298
276485
647854
167612
467738
776252
655470
354233
685796
320398
831635
877812
801256
246817
116841
964449
102458
767235
830805
16420
351064
564082
788876
158946
651628
207875
92321
440257
867274
109410
760434
315834
678514
822698
958351
972918
878038
642760
41956
941605
917743
473819
311227
769907
924678
89839
276005
126792
79196
524329
308398
232085
282051
311819
353600
433700
234877
713346
504827
383761
377895
872630
273399
887512
933014
803278
619082
834599
125135
71341
973174
106166
470536
216016
192165
12826
339150
194494
786642
855707
8399
271452
365921
675245
770204
840078
384940
155819
439015
504695
50714
34644
194100
735238
850678
576880
745165
714798
305907
793999
834061
798505
547485
643175
292528
686638
744843
697022
223501
500657
305395
135253
243231
393156
591614
728335
365148
447729
371921
458690
252930
827617
887401
23298
173254
282746
59021
512337
407133
981981
87757
502544
716083
134814
378584
919433
148987
534755
698170
880687
821805
265317
933627
177531
34974
679109
796319
453608
825491
299381
488348
397569
364897
334252
819557
355078
343204
93278
888411
790953
36442
103642
458653
82228
390954
922532
500709
793785
234762
649809
899091
942384
564820
819197
598763
571027
474182
112368
203506
725025
680991
261367
945087
558912
352026
936858
680741
16133
858492
623725
217350
669659
679011
887653
429924
173770
386401
515101
588352
621331
926315
906536
597731
448883
54964
183749
866770
923680
727841
672973
50563
414775
146723
816109
650607
649440
170183
454307
14641
462045
225952
907117
611508
995197
149249
439574
563785
905735
391304
618524
744760
368247
383208
54974
121274
122280
101596
51528
269896
128332
909149
619241
889529
124664
762758
523437
182305
181734
368088
373312
667686
886303
611012
637513
115905
109392
298965
567061
685537
101444
84802
653009
358947
26871
245262
915132
461723
459426
953829
999752
20212
735686
913970
130603
903420
35534
441070
193845
240239
971082
393578
260148
314757
419338
950720
51813
578494
619644
945749
905537
479825
886458
730126
141263
6997
297001
787978
655934
147923
724984
566310
445728
680421
153569
420991
661998
295759
692043
258878
9102
436936
937971
793843
144554
553312
169447
277418
137047
918606
813209
743656
981149
101864
787246
932522
716826
433771
194256
338619
588343
645578
603615
11967
449449
879195
82624
50738
528114
349184
241634
233940
135885
234893
853324
529222
5819
968800
974429
848997
114583
404895
255158
491794
340498
389716
514905
654571
141799
126279
569008
455671
772442
436711
993122
900209
52030
243310
74623
148754
893743
881175
446159
179592
841816
233264
465072
789342
687553
89558
154441
661728
349776
97532
915741
396270
992895
278749
967130
544269
534600
423898
845513
155387
389807
151451
959284
328243
209148
860247
614476
898035
713957
57927
317465
708233
137511
495636
208141
112251
820682
391969
532441
65974
901254
332915
604829
644355
167490
979107
610655
643729
341428
939357
428608
753449
165008
321692
616216
938377
363853
734882
278631
432420
539238
384376
923404
786608
694227
11084
853914
547328
43487
646524
25210
554181
617124
432845
836105
699990
849079
121840
908316
325907
561896
674545
667513
608616
238614
392489
109717
894340
884125
374465
602256
355220
276002
320396
233917
720549
237928
943094
56072
793658
905962
246768
154232
393377
412414
621443
789258
434904
401388
182054
626173
862032
250617
629720
14491
5625
263721
597305
633094
663146
313210
457546
341943
158607
340328
560401
316846
855430
778648
27884
573522
507896
31064
39279
561030
807788
844386
91383
141366
671566
769135
92653
572013
310176
969642
36430
247062
218388
282356
925423
464087
105022
621622
426950
237976
837876
539319
240739
458767
640281
216930
185056
278839
642317
227703
143745
923810
640734
371096
755967
968126
495017
999909
897915
87610
468600
378906
832994
105694
924157
619372
927463
994340
207000
631885
387436
491812
62319
886152
410910
115420
846760
458151
750920
972527
279436
653446
70207
515301
533229
169309
283939
322585
740444
288643
485684
518934
677055
402049
576353
200799
895586
116332
598269
679879
764725
728824
156701
307249
305261
356516
780393
160444
763586
295490
118831
577277
94721
999220
757205
708937
508602
933705
379015
625191
343198
42347
647899
385876
990439
459870
467453
299549
241739
756793
35162
237343
727727
397060
991091
246968
814041
237882
349654
340224
70720
735983
404928
17480
922142
954196
654949
770093
995440
33824
842088
845613
743928
976214
912012
311828
141378
194375
805368
273260
808084
221896
939028
570624
95972
482483
80469
549786
413471
977123
472234
158058
946020
551392
352305
906795
454070
27630
916413
910743
396449
685194
325761
118722
249363
879803
656289
935368
789464
552991
783810
588831
967370
489659
516344
905720
570554
37036
139604
591696
726476
198505
781756
943472
716144
372429
966090
123610
36440
68243
486695
865998
577638
491226
268904
796691
664952
665995
922379
331416
750691
836573
697846
151225
318825
881436
599828
728343
287384
805419
192393
972233
483438
680653
555330
504157
42285
748677
150628
579265
334720
686683
485423
713520
341148
171313
502368
892486
101961
42136
600911
734940
73220
523095
119537
237029
559409
828132
771512
399103
369368
85361
107134
613085
879980
534989
435201
807761
68308
446742
941420
939895
938609
607204
373092
732822
893339
123990
155107
149230
983310
754732
801987
60646
347273
555019
538242
121970
748357
5583
105041
922839
206742
304
590397
636034
380891
376281
430009
692865
813535
551936
190963
91346
889070
617684
669884
560523
305217
866225
213502
349594
564218
935004
91948
8564
318684
596032
117076
159154
109663
135585
781691
43017
313775
455352
362715
295065
164544
673573
609917
781414
611173
336597
418698
905493
3270
61541
538052
36664
794536
54179
306943
123771
260639
221615
488085
104776
527099
816306
853492
50694
47647
305198
681660
755732
960461
763520
390963
610042
12086
428169
688150
960290
928721
564852
46779
934018
15482
219950
738549
770200
944852
521697
606101
271757
370026
476734
658248
110708
767602
351863
825918
678153
985850
917094
317489
628991
143393
668605
548706
389299
862207
309976
722865
114952
66597
119831
874131
655002
50247
343668
397702
501952
237810
765252
54816
737119
10806
697692
586015
67666
425491
757576
179800
395079
97558
200296
977376
511197
604293
873576
908947
410458
967803
101926
562268
502728
132081
772393
777946
704171
689237
518024
776008
756496
933371
155811
286815
309436
265744
309987
519973
156508
620559
563243
640976
731090
575081
41958
492721
957144
281197
832279
304424
719213
983558
769227
882738
490710
75779
294686
827615
919978
940095
227393
947701
266753
480673
324216
889054
697508
70711
969484
735708
334312
509258
491590
25738
810100
63074
709037
334282
868851
728536
973226
594558
864219
256888
582736
407656
107193
237770
847238
111665
94274
729451
541935
348937
148939
290688
295807
737351
165172
913501
321130
426801
222635
18293
99988
190212
264908
372936
858538
124532
115989
815892
86193
536787
608604
110116
736562
189138
967923
424969
694426
886825
95227
603527
603194
347922
142132
489951
288932
696723
289539
412932
908656
37584
204419
112816
12089
944584
294968
666799
929131
258934
486637
59417
975739
158882
546481
90746
932293
771769
306675
116766
812848
136800
901011
769220
741087
765012
983141
511057
930386
625091
706862
485761
468566
548509
28315
395487
162938
842455
639380
619469
189579
570383
486074
832286
432138
706436
609703
766011
943893
812491
679439
699594
986442
795530
321113
207276
768264
97919
857436
583509
530265
603750
647034
69304
771928
59114
258310
98829
955704
63220
657685
273358
886683
339782
625155
298414
157044
748941
424650
269457
914442
637884
544326
876785
550163
454368
848209
558741
974895
289358
267596
407559
962453
757379
833607
90133
441828
391985
197809
960603
902350
547666
522153
200620
355540
258352
861997
648338
841941
976486
311980
246094
756204
901778
200550
680997
231605
970549
574435
200425
594214
114377
479544
117781
374756
477007
97506
180212
576766
303841
79394
277577
528253
748008
662504
672290
101185
65021
961559
4010
708538
13761
101984
770984
125234
359704
432105
896317
734507
348683
642281
431220
538036
234365
849257
286012
503529
504459
401596
4577
213277
285870
760150
640958
825592
8878
217437
487477
734063
430340
464645
469565
320242
185907
705961
612416
23151
804634
108093
243838
816824
67418
623163
583433
446168
412539
912821
163876
774663
183086
326778
583319
330092
995529
226033
304825
829856
334428
968254
415337
306544
735064
400904
463579
341898
429436
697294
400971
77077
548183
540781
872312
673496
133758
376881
804582
567423
572729
627034
107149
944984
788741
388571
36678
467135
846883
210358
46585
35122
980257
121212
168347
250968
749518
164965
870830
431564
706877
853377
826802
499327
340693
672940
175168
260799
617038
707614
683897
715134
377238
953141
137803
369271
10181
24559
65313
283848
107716
940636
325269
822019
501141
712423
428967
574285
735980
406339
587624
713766
850365
617162
907378
637941
128815
221489
818019
639593
74961
137869
289684
65091
412259
911506
535033
745046
473623
428451
67072
873706
637912
496683
593356
104932
162750
846173
422447
685560
955817
469197
766072
804134
531711
442813
880405
933597
357465
372548
558044
695523
766202
131276
969055
50157
645096
390026
373856
264600
645234
580349
192281
19901
230683
973920
422335
791718
68881
697118
562431
565866
719448
630743
940606
873463
453565
220455
173188
413045
544035
695837
900011
228034
675552
315404
3600
98392
924705
326988
909792
93417
984534
650300
257737
72937
387057
946394
873849
865363
794550
510455
946646
346300
969664
72984
29686
691738
229384
963325
485500
865176
497739
11320
664662
642351
746748
353990
366949
620604
722536
111985
844423
46485
883672
613795
457702
925816
623007
382226
638661
547806
434558
465992
696206
29335
563504
380626
651338
882884
428125
537029
822458
178775
667236
91130
444828
689293
54419
584662
309360
313475
140184
773570
791724
87818
510117
823348
766816
37357
79751
219257
574581
969255
562524
89920
318921
911052
316099
901037
506383
282260
875118
295972
580037
584515
112248
957526
90944
353089
340270
7691
196393
668695
47871
967248
316982
62843
373956
159979
293452
656695
381423
72181
325806
213968
840483
905811
628130
267025
770032
397032
121273
951215
915231
827654
462637
115462
962410
533043
175887
476450
273252
699761
283021
700052
584027
150859
492005
611100
489039
6604
219758
490138
607985
664711
351371
634050
648182
953493
139674
763198
557311
211032
847159
108266
553460
881053
36921
623029
798023
338233
834419
121657
601721
415403
427347
317467
902067
667441
5946
253321
801623
366891
231932
454559
80236
931139
520807
412139
103543
426894
392946
919891
358392
750251
44068
488991
138381
846784
53152
837029
849805
805563
157854
713713
561328
372415
906596
839665
79059
355935
971533
837125
842479
705129
866785
59250
713079
402697
826661
416774
529894
883744
368300
57601
771026
351687
400800
829059
130539
29581
646216
125454
962188
445816
607574
967604
519661
702403
227803
389872
238264
836223
306219
926232
854507
978549
933566
58983
133329
160878
249808
168956
923962
536813
301021
102664
289722
632196
747514
542442
583624
800446
434023
563269
421987
793644
452854
664578
954346
411867
757685
229473
83888
250377
847927
956160
486289
104735
295199
549037
430406
302407
18973
252708
635348
424206
396115
8623
197718
147179
111989
760305
235112
263202
181978
186553
420502
318446
509364
683890
218500
555550
326758
565584
948420
653929
227923
412247
881508
597063
82358
925348
831202
992101
960414
319123
593330
569052
342073
886355
789986
868803
354985
982331
155973
253464
727906
568369
852643
745662
750253
335065
487315
35047
486426
492579
555179
259617
573790
5722
763550
14033
381639
199588
127515
655392
42519
574129
608234
102364
225290
460773
556334
390516
312100
301014
902610
396017
282612
876319
683521
843875
503882
962170
316081
920723
932619
995786
579508
261793
122790
547065
838085
628923
297465
522543
713713
97602
358631
276310
301276
747990
730116
364047
631053
792288
328178
187520
663964
313973
285165
416195
171147
850489
361566
786160
583991
521284
718629
580277
668253
83406
189437
151546
614696
567334
151215
786428
886264
64783
94370
110706
137483
317840
526211
263313
426007
105918
382892
418105
357126
438975
853260
869650
698724
479
676639
611227
360986
654776
80195
242788
300588
830600
89985
237003
121607
448638
838916
771153
722997
6903
10809
23817
29949
691471
420993
217489
990071
40657
187775
97379
698080
948530
755429
284109
172513
808957
133476
673064
51508
938066
495142
467885
925030
424742
175752
844421
351894
887012
520733
619358
894521
634645
398019
942042
308085
348954
711866
853273
83481
924949
627428
910380
687149
905551
958716
530204
794804
823905
235853
318861
331807
80030
738116
974107
283449
727715
610731
83309
413686
672514
319964
126681
645236
963203
985676
135986
202549
742349
827423
533753
859470
509576
79171
26389
153616
475255
240544
785645
332219
227941
140059
353548
299652
301547
556927
467527
387765
425149
270036
495049
723358
723002
424674
89509
70445
617356
674293
189976
101520
917493
769059
940939
783437
695591
705792
827407
432363
331259
181339
348869
832521
463259
365998
116481
313606
516857
809566
297744
255059
598189
104346
851045
130032
593094
920253
254776
972890
715407
18957
490216
296624
668608
883310
254540
215058
967696
606483
972815
817532
389523
784589
362267
581665
678361
93998
443606
112243
375544
553708
578276
574671
77053
240067
801940
482772
983825
257118
29788
648220
809065
108822
310652
804140
897313
710028
201075
881806
230468
803191
572480
795072
986291
915472
325719
107414
899096
371359
764276
707545
943854
800995
856903
915587
371724
920121
555797
548877
294411
902692
602466
931047
351451
428483
938467
546335
314210
742764
168127
815936
656881
36621
812925
129825
652663
548392
733575
789073
887427
60074
920994
711897
325022
784968
577783
636753
545435
557220
580343
58692
682142
230543
193037
109150
979635
993039
698960
649892
751353
183714
29800
711053
748802
722516
17412
268648
528749
762526
762207
968612
154028
488162
830572
365675
75697
517714
473550
694982
58833
664184
234221
781284
640219
985158
638914
289291
869669
258925
516605
128544
212873
370574
432671
719354
270013
473232
423960
986903
114637
204102
72047
890488
707120
675418
631132
743111
751524
509113
251206
676728
569960
302780
888884
429130
293603
39250
971610
631444
967394
695332
771168
327198
96184
478120
616682
76388
580355
814790
447382
602917
596780
420568
794022
531464
973927
499121
298998
874581
715667
210389
475011
572613
397818
591355
306596
920687
701504
292452
390825
452438
215794
777515
820455
223564
456428
239242
915936
770964
156630
3723
243428
305560
718376
906103
956813
148306
889587
264223
906537
528174
555
402175
445882
627195
693252
942780
816529
409441
960827
626084
372802
748999
897234
308788
344094
239544
95439
598750
321897
286361
18945
267239
294607
427781
525899
862519
407029
840915
66432
235059
127426
359076
262899
244805
715067
880524
206918
247740
227146
571358
314043
566249
306219
130861
295668
799379
735722
109228
483830
798762
192803
22882
273301
579171
878295
518101
106666
375784
603013
39258
165823
569466
105263
398566
668794
482530
338450
618735
202497
353643
447268
747443
634229
256087
719976
34407
352997
670945
274570
505359
903264
387461
136601
572075
154634
861802
388370
455112
155124
256360
739110
879025
363636
714071
8459
292641
210711
512381
965659
333252
563352
390468
835573
294391
355746
982933
42686
945078
30664
807339
244277
312537
152437
493756
425850
963740
271537
112917
656313
193743
784632
65633
648147
950632
627538
794197
363836
441336
102935
985453
249134
787927
828968
449104
735462
694307
71471
160945
116505
245491
954868
107476
954610
229337
625349
734492
296381
888701
997
219299
840847
577981
22826
847796
615229
388364
316914
937552
121510
563575
697762
935401
552856
742702
314480
883034
674948
469046
556289
24030
587321
366548
409268
418635
232257
221370
28948
563132
978439
213101
571740
527242
616571
940171
132196
868816
296687
570398
886282
92035
970843
446312
914748
100436
403065
444193
140685
554827
858849
596677
566562
714942
660486
522023
355563
336
268402
282767
355666
336210
783117
73577
861743
185668
547083
614295
866934
925802
170998
324509
796729
341805
441171
462054
865963
533179
154841
943613
681704
968359
312365
626235
174076
289402
338150
987120
178764
943120
130644
462930
941733
204123
9836
469874
252061
767646
644645
846169
175734
281969
809035
948742
670185
890418
948509
663120
54790
557851
332943
640663
914434
842972
566010
959390
391699
397911
961106
321133
206150
282804
737746
97171
150567
717351
13200
663291
421736
81909
22629
792292
802136
881242
109709
972807
86955
450662
280851
923393
43635
912607
686401
729054
441527
909175
327966
237958
611426
463951
467436
300534
814284
877464
216854
1527
665416
847635
764244
359545
898972
959673
187510
235571
995416
102855
834976
790318
519019
819986
390257
688497
400534
627459
688151
344566
351422
680677
630415
875132
588216
506492
889544
778366
856850
300477
938378
930581
241261
965612
254710
717108
549611
120193
991396
538887
734403
405238
39076
277939
876904
282832
773124
677175
702228
753655
866138
899919
569414
983131
220948
723941
128657
739190
434609
22143
404704
856746
562860
586580
829300
103172
242259
681431
151718
619866
839299
551923
390600
777759
576792
124416
796115
964628
284818
423055
582824
577981
321367
231847
493871
752370
808887
649131
955342
517329
139311
151776
103863
488423
246798
914076
266374
792849
638738
86509
499771
341132
774375
299606
798447
114735
168439
814154
502050
144895
180037
885774
728850
103734
577344
797585
625809
793488
166496
835679
726276
293852
71308
617234
453802
213626
855248
161996
828790
592409
975530
868586
946286
173954
430617
818190
19785
64560
536606
410659
997672
994687
968285
44664
105547
389173
923792
118302
859445
812710
435453
836214
282397
199646
745198
346925
351342
795463
871823
347028
993569
667549
548368
731155
3914
580003
595751
386208
212959
536317
44594
847607
238582
395617
262804
907972
164379
414965
862251
533885
233099
881540
229110
274520
696960
650579
428375
951308
777061
691480
212942
337332
931007
781431
826329
925287
871022
574625
747802
680390
178185
749794
669338
52067
577903
162943
31028
179408
68070
57931
234105
773521
594951
337129
778880
152876
432318
74654
997787
349473
552476
909269
420477
653216
587863
627784
934012
142705
570036
973552
116346
767271
216277
353452
444779
730924
402483
446104
540804
253542
271312
732303
376999
360555
649799
235140
44405
515792
422206
216205
663324
351119
524128
394626
28398
547630
756686
253886
714332
234352
590423
645644
248186
124374
330951
628627
767125
948598
388440
411779
487750
265282
951666
714658
844981
513472
493897
317483
797398
93393
392134
254731
551828
170600
193188
777580
368622
139198
499733
399266
610959
69117
900960
211172
570641
555053
209618
325497
505071
836083
419367
381587
615467
658110
920855
73519
819727
867915
894130
496676
311904
458268
799282
508635
697415
18818
732577
259934
179805
760668
106054
162907
349023
956286
134997
421985
323416
969861
797203
854410
306796
464938
818216
52400
153917
472634
173471
99350
224804
90693
643072
247542
144839
983238
695973
650698
730401
72104
636631
308964
579887
128101
906019
916058
947793
125344
678682
413702
384501
114052
839391
633140
859717
103127
693526
160560
132383
489303
641716
165725
53057
128778
25121
744797
291569
678210
705402
782668
450367
356186
566074
588310
614735
474351
17704
229807
730944
390069
500039
722959
262864
574595
884404
829488
744503
367123
978502
27316
859748
772432
136781
643467
856809
744927
724244
572032
169888
980116
699973
141071
431889
233590
384173
808629
38032
5316
281637
580284
770578
814587
596875
947064
155210
967347
759058
38126
710058
639084
984268
895607
265380
294478
628252
869940
249730
970454
676200
174007
663586
372951
292317
989649
200259
232754
315903
277150
489266
518389
825741
178496
377139
529097
839464
84119
492782
769972
969953
461314
563417
119297
601363
92036
71393
196695
485977
195042
318096
530790
726268
680935
313445
739934
484594
991669
43594
67105
1586
442780
784544
158597
951190
627036
101684
662673
211766
697182
275216
313112
538851
10562
269129
304130
20081
164341
460903
763591
826486
532965
503068
398435
70298
168447
825829
252657
814555
967495
228280
298630
602993
540947
474016
120130
208447
26292
415326
786386
329531
408281
563926
349059
580078
248707
925800
441152
303139
724991
425159
24027
750649
827974
600269
527099
254042
766329
86385
742534
724111
835007
820665
727038
676835
16410
443540
974443
123970
106051
310373
333920
411335
203773
521117
828028
382416
248088
886662
32869
141605
506694
769449
360441
525904
499504
891089
86238
273883
375834
109097
50961
70196
859662
701647
17970
763341
56150
874746
333655
288630
36633
587509
900393
8253
346637
405032
4890
712918
436168
387995
797686
276296
603057
803632
492891
839807
623211
749008
58879
803294
61609
168602
76071
146349
156419
188056
214032
822763
662257
206271
366812
546924
996726
689306
164200
578868
144906
295218
125339
405931
396886
592556
137159
478801
805207
956684
120216
175981
678718
827641
779836
450598
677246
482170
974121
46727
77818
908933
149324
422907
71238
263726
568054
745096
197258
248109
743963
718577
293153
297384
194623
109321
183827
96648
667186
545050
909527
602819
140090
56771
879837
5342
700058
434139
532476
799086
88005
382224
941531
98863
134586
609924
452985
1590
76465
594665
166836
141419
428260
158020
701303
512639
706109
546189
156669
439009
510679
584857
792265
642449
801123
68703
236235
477857
7407
625419
291800
347878
87674
505502
601694
884186
131682
560334
783133
538974
20313
167825
9964
902649
667407
5705
88846
316807
917758
808985
66338
982646
166954
233951
441324
414062
220591
237293
684352
651502
548441
805672
359269
275138
309475
305668
503135
450191
344594
758664
465804
312652
663432
619395
529885
395763
537806
216915
230958
594958
929772
404834
601034
541167
812671
958912
596289
752637
872400
985689
112517
261484
692137
420346
805933
194964
988486
861419
576947
311286
777361
819573
694598
738682
708394
533066
891972
3397
45862
396940
470119
27704
550501
240667
870511
939635
618239
924761
275148
275692
5664
412943
847707
134275
365109
250548
912522
968932
71571
508584
207316
187509
703782
691856
918166
138866
679343
280127
457547
401240
700985
113007
668675
423303
282343
953334
63981
307946
442325
438870
911607
781477
486187
490007
549279
419361
851183
261551
539250
349188
122240
636748
688123
879578
571473
176483
234555
981382
598768
105577
359641
65173
372230
491474
855921
385693
3373
232331
131594
976464
992482
243066
624053
333748
237075
430301
694656
625818
341648
97179
147837
949178
536177
580513
744370
394328
52292
379661
640709
426065
583223
100036
251763
458531
246461
393277
765227
552552
86912
946629
587183
519388
100094
997840
235983
366543
771733
368831
278105
991500
444934
17858
668979
572217
16389
188543
777734
608529
229162
81344
553295
322096
996530
100792
260037
332928
975709
220932
150848
245536
584024
143867
835413
293645
205144
840222
475117
856247
248660
977615
393386
643075
630765
646694
573164
600705
206
637156
685824
108503
834661
785604
412485
690041
948873
969811
659172
995659
977583
631450
591633
856782
599514
398019
375211
655601
922946
281103
545869
847979
317306
477425
488526
679870
846621
109776
122785
215370
216876
729097
153207
280933
744394
858901
276847
463905
414492
687264
997325
6680
501077
57105
477664
965757
66030
747531
98203
200049
481876
326885
40768
305436
133320
228068
453346
383898
561838
2558
548755
547274
726999
392259
882243
596056
280999
517843
891663
156616
346735
726678
50420
69156
589090
192917
404293
275690
101824
356561
531485
641240
829844
47369
229634
174312
548840
424219
874876
684152
149211
589964
907026
391312
215088
415160
935449
619008
16933
331838
921470
573625
41611
950463
722786
856854
587763
760367
834809
255852
914574
228691
250842
319668
29619
814049
132496
646494
114287
671654
171747
280699
664103
324233
198668
233891
131192
425072
64199
567514
702744
299626
401827
15707
379272
172833
311823
285934
844106
633016
758652
856268
851004
351087
673852
434868
674869
113059
337306
442555
227796
244541
19120
19138
207609
30737
814629
449731
300488
602167
794571
274931
864021
98104
395314
485314
156181
442215
327603
808636
756844
412592
460611
41523
359870
352874
790372
426073
485358
358633
819151
762659
737338
293854
550696
40038
686688
663406
259322
790768
768387
635404
270585
110252
34113
149731
31730
49702
166285
706213
628719
793570
250616
84671
779190
691787
924049
514408
96008
377260
605719
50303
459974
189565
273470
368275
843259
367367
818042
136774
645281
148222
774439
954018
119197
318300
203668
736702
94318
188705
299503
503669
894881
190240
546294
236901
440640
606957
546127
607235
925894
213951
523002
841175
746645
968894
155293
308492
182272
253999
276525
450710
825518
834397
748808
714257
549329
406467
715209
135951
162973
945107
758623
201031
321336
451925
110078
5353
221226
573984
568943
37049
535989
778687
441614
483726
36079
886189
180903
980823
390754
969363
310023
431366
162063
516522
722396
606264
993053
328785
310841
41947
521569
256010
143012
673081
629331
267393
604322
799172
749531
606998
314227
286789
879059
96718
878703
802045
440722
96071
585954
394936
693932
116485
970063
579584
10646
748019
864523
450646
70869
676221
691284
547812
380650
959836
198894
271751
656782
520534
727790
110337
695967
396329
224343
271887
97593
526469
194344
485249
479646
545729
192106
995321
23870
305115
924874
343673
219215
271044
55735
187023
133503
3337
384524
39215
625538
522743
991222
14487
777906
242796
181669
904059
472016
640174
752859
846444
849
8098
166866
222328
568302
382522
784867
772008
700179
138243
297402
795645
473970
743863
212081
598544
453429
437221
512200
568639
555922
957965
952682
888049
129717
525677
597255
44916
77338
253383
992824
671353
48214
269248
687412
642408
884054
460189
948064
79641
789362
829692
29412
556838
523945
307707
731095
789596
303807
748869
8644
365682
29317
163443
471459
755589
175217
192525
921598
528298
254415
175571
749478
775735
723065
120890
812725
598152
882853
64992
165106
41493
113061
404380
736480
35271
290007
53918
254219
885548
396292
621131
582751
955271
976882
967450
146240
888591
191940
903336
116187
321436
552050
457834
43959
396936
739653
357195
392503
570935
426154
972009
525524
695340
433454
21762
543701
895497
383544
590695
15397
157944
657988
916571
312434
553573
730694
716687
663907
787941
587442
460843
799652
385482
122508
4315
414535
10743
596759
565946
865694
915991
756412
817055
847876
744655
532659
712734
763301
208946
272408
208208
139370
610580
870611
541392
926213
386965
79488
923233
882687
420698
422942
324122
737275
345310
710715
385714
379478
586109
477516
799307
89863
876894
410674
632449
271396
861559
869397
480155
603767
105296
643457
954159
560539
766451
70042
110620
70747
939278
706814
338660
323667
880953
224767
519904
689673
882276
708631
3884
783599
128641
940390
335089
222119
90940
869444
884812
471031
61103
987950
316391
705393
970262
793827
363013
709285
700428
281415
916938
853418
140423
815826
436844
27498
106410
720618
60180
799162
854810
482008
887737
969766
322418
85428
886459
387426
707309
277664
548533
513847
677702
978889
232991
196722
409075
774978
5612
282784
334462
379320
265600
975344
296098
573599
803011
562485
637999
247165
89714
666537
582082
130158
914574
175622
634693
142894
165457
563998
772684
573247
345075
931283
419448
833471
194082
266849
24278
654858
239027
775415
802123
864802
917499
110493
55526
37775
73816
323069
248146
835485
438511
322287
996271
866167
114401
820131
509683
862302
35906
632414
65205
84064
850308
516275
34192
554072
68483
413603
540367
739019
110625
637093
308294
362813
718555
997231
400158
482061
96852
528953
131948
527402
779938
844243