138796
632516
805519
961034
320564
841592
282427
821424
206156
385799
364527
239804
102552
310943
101760
579152
506413
905484
758272
888891
723663
401049
419464
86006
452187
195986
613984
492162
176463
675403
247097
781839
341738
849876
548865
47555
387229
153367
740182
186795
409040
642084
972908
698179
352888
281795
926942
392742
562487
410882
967837
470735
196306
569430
303516
197932
87243
897067
409355
148
459220
376887
709713
716887
118439
878939
931017
858887
845508
54800
892678
283047
265827
543210
504938
193334
914292
430089
648544
594143
962402
784801
78627
730830
764521
390821
792662
471160
777573
528153
703997
953422
966935
140409
10283
380960
907613
395141
985599
678410
594348
474838
642247
290913
280772
33500
255176
382860
968583
964440
359620
233037
219520
750654
710109
373709
591575
647392
233181
928674
998353
472424
792054
830993
367358
510623
941849
787938
144428
758747
996215
528639
62456
527235
82354
370010
289309
846964
100632
413761
887099
714694
125335
596436
84015
533461
242238
760267
133406
458613
913807
649831
955391
809255
464338
615665
827080
135853
879008
421275
785284
189886
963215
616411
232220
275954
313667
678093
925514
763091
916975
602898
707888
667634
653037
791529
814130
767062
399100
667516
719038
706377
472417
469531
850437
63817
453673
775808
747664
245177
659093
68704
375062
403610
261365
701013
875588
230479
209716
179782
270538
888924
722112
604976
932171
190155
460318
989579
581393
402095
125020
148609
902160
117640
215509
641492
37128
554030
385057
702228
196429
32206
485121
960198
540479
640759
164370
548297
339943
810718
159056
156710
744827
818023
536633
915908
149993
128943
444830
311505
67391
269587
554895
515492
939346
481341
14468
464505
455281
464566
616309
531602
170430
968
61431
393889
308576
477715
960695
817700
990453
395223
111103
337778
344147
391814
771353
298083
745839
909679
705452
688696
387141
955268
171509
12653
203824
284046
169914
669008
819732
230769
659849
325942
798836
817141
790076
348397
354575
52973
480493
329409
541692
17919
4211
865058
783021
729702
750517
676913
80246
774941
970963
544963
375628
950025
286605
645078
931890
447814
833376
426153
777011
571795
630570
96206
879201
919160
924362
859952
637147
925867
912034
850068
380387
279686
782142
953315
781418
847737
579233
135380
256203
64755
993258
147681
917622
794091
218800
664379
154582
846761
178215
996966
371850
155023
634097
974932
819899
69606
864947
527816
973631
618028
699643
169087
686815
250046
318381
475267
588777
689289
581218
783699
646403
782563
524721
534043
758957
730517
678005
464645
888298
530033
30648
678030
279422
692364
223725
102225
449845
443672
876066
620354
823657
568562
715011
681611
498110
165140
854756
492380
389139
47037
852355
790603
439952
762853
19963
835399
25537
898788
499113
661990
39586
805644
723382
321246
55021
661064
833599
801296
831686
863146
913842
231610
663029
771215
794669
958172
591841
341300
123648
96498
233815
763986
310956
107043
149598
595309
329154
802509
436079
839345
17290
566222
165375
340776
926715
853389
315398
300768
536284
188401
849797
190870
744352
854786
22695
948765
648699
129290
77998
430295
942243
860941
963963
122150
174213
494875
226786
87741
233916
678860
638072
486141
417723
413841
649426
378247
964992
84607
454916
648028
542622
41910
90919
137346
442794
806506
725123
712240
96235
370912
220733
66437
849619
762304
198364
292401
216780
854529
245392
198268
328687
212706
996597
775993
836120
61371
299214
692966
843323
328602
906534
171765
66296
604889
483608
45075
597437
72496
159622
365136
122016
46441
545177
307217
455903
807958
814248
497050
843116
30416
588562
332664
134711
426720
794760
305697
263139
41795
380392
291133
583066
460189
277559
76263
568131
140228
12178
201180
795636
1218
383292
608797
147000
512433
404669
538502
258434
416248
460814
359954
262630
149970
31276
740885
798780
5363
711315
369245
475005
826250
955782
604301
344691
321022
600661
39141
250325
525005
856172
378195
175591
825150
387757
95080
593298
449634
735110
354908
519226
988315
575102
348102
254092
312977
126139
189404
116761
453197
446783
72047
211716
372630
6532
255886
479902
862303
540860
501515
648203
230958
649715
528003
208514
179666
41332
2992
460921
91965
773992
709616
218646
533074
4751
26975
198288
99515
123953
44409
952336
638301
353579
21850
644150
989370
255584
869137
399320
612638
566749
226033
865304
829798
741631
638876
321060
275478
270734
948687
267068
341230
226991
178079
184323
201927
249593
85846
467546
989645
139582
660168
844625
464467
807519
689049
135284
585861
877540
833121
758813
224440
890882
457981
472007
585296
21388
440525
129616
690015
917096
978557
115140
640230
745573
620793
971758
286629
355570
735961
868414
194360
740390
97812
801053
329758
150232
269562
99998
760624
990057
541273
337603
826790
815296
750359
980219
971342
860246
804456
256171
421476
380168
265900
423803
806694
143387
366407
101281
537686
730135
508285
557011
277654
798323
649585
476317
446644
323611
902790
832657
561879
841133
348813
545070
497547
421349
328131
76907
619709
700169
107038
22049
607109
604166
848997
103833
151598
976792
594633
696557
190029
234745
477799
16540
964421
702864
913359
321568
560896
950073
992357
523376
463706
258938
247242
433258
368003
135511
534968
519170
541229
255658
864684
820793
200843
581350
931224
36119
526421
885827
358958
184382
588493
133204
474008
601449
138038
268039
826835
977804
496957
684690
27110
422973
72748
969330
934777
627843
964421
322796
16047
944004
283361
997243
851449
181412
65312
434017
571509
446547
60942
312518
187669
233733
302141
815733
654346
385946
242445
294113
570640
275876
624720
869583
937211
17781
437118
158438
786728
734014
266224
775460
102191
284406
618616
704069
675137
767616
514375
400650
243539
559216
281863
635300
203092
788085
747584
365505
144120
494246
994181
351923
202391
770421
864536
866759
987698
367512
627896
17603
455833
182118
79675
69955
535040
960165
818093
106770
863918
116754
500860
723304
299571
533046
571037
313844
100592
674833
465105
548244
553147
603582
289734
141649
951935
436378
800677
253812
299712
307023
118562
305612
890913
696816
562503
603116
586392
698974
353786
9581
242052
392872
127156
334983
478773
597695
437712
694318
120383
359110
616441
164060
702640
83601
875701
89530
56809
568100
957694
107949
29337
402757
207452
465839
575409
898108
701651
186340
403364
443336
554564
115518
492083
657232
430405
974934
604505
448856
587710
273143
959380
89547
593342
176129
723435
712224
872494
237279
383175
285064
563500
201393
696592
599323
48808
461230
499485
251980
142033
859109
176835
763742
339108
973503
736515
29932
131594
473881
588429
875121
701418
781410
200912
87757
494342
498246
512967
606149
156135
9995
312708
234396
7180
160893
838160
737171
684317
965271
571844
723884
730205
359266
937871
96930
582081
675421
855631
536025
447516
351971
714136
479501
76576
618978
246283
408056
545818